                                               count       mean        std  \
ParentGuardianEducation CareerStage_NRMNCC_4                                 
1.0                     1.0                    648.0  25.054784  29.377672   
                        4.0                   1116.0  13.001568  12.991643   
                        6.0                    286.0   8.484266  13.184677   
                        7.0                      9.0  14.444444  11.479450   
                        8.0                    102.0  13.029412  10.876859   
2.0                     1.0                    300.0  21.348333  28.786310   
                        4.0                    881.0  12.585698  11.477710   
                        6.0                     23.0   8.304348   5.173664   
                        7.0                      5.0   9.800000   6.340347   
                        8.0                     42.0  11.642857  14.558245   

                                               min   25%   50%   75%    max  
ParentGuardianEducation CareerStage_NRMNCC_4                                 
1.0                     1.0                   1.00  8.00  19.0  32.0  400.0  
                        4.0                   0.25  5.00  10.0  20.0  210.0  
                        6.0                   0.50  3.00   5.0  10.0  180.0  
                        7.0                   2.00  6.00  10.0  20.0   40.0  
                        8.0                   1.00  6.00  10.0  15.0   52.0  
2.0                     1.0                   1.00  5.00  12.0  30.0  350.0  
                        4.0                   0.50  5.00  10.0  20.0  160.0  
                        6.0                   2.00  4.50   8.0  10.0   20.0  
                        7.0                   4.00  5.00  10.0  10.0   20.0  
                        8.0                   1.00  4.25   8.0  15.0   90.0  