                                       count       mean        std   min  \
Gender_Category CareerStage_NRMNCC_4                                       
Female          1.0                    533.0  21.322702  27.699956  1.00   
                4.0                   1507.0  13.396981  13.608220  0.25   
                5.0                     41.0  37.195122  38.254555  4.00   
                6.0                    291.0   8.575601  13.274143  0.50   
                7.0                      8.0  12.750000   5.230406  6.00   
                8.0                    114.0  13.263158  12.413989  1.00   
Male            1.0                    411.0  27.552311  30.933293  1.00   
                4.0                    534.0  14.495318  17.496461  0.50   
                5.0                     10.0  36.800000  45.754903  8.00   
                6.0                     32.0   7.781250   5.065598  1.00   
                7.0                      6.0  12.833333  14.784000  2.00   
                8.0                     43.0  13.139535  11.807144  1.00   
Other           1.0                      2.0  18.000000  16.970563  6.00   
                4.0                     29.0  10.310345   8.388357  1.00   
                5.0                      1.0   6.000000        NaN  6.00   
                6.0                      6.0   6.333333   5.125102  2.00   
                8.0                      3.0  15.333333  12.858201  6.00   

                                        25%   50%    75%    max  
Gender_Category CareerStage_NRMNCC_4                             
Female          1.0                    5.00  15.0  30.00  400.0  
                4.0                    5.00  10.0  20.00  210.0  
                5.0                   10.00  25.0  40.00  200.0  
                6.0                    3.00   5.0  10.00  180.0  
                7.0                   10.00  10.0  17.00   20.0  
                8.0                    6.00  10.0  15.00   90.0  
Male            1.0                   10.00  20.0  40.00  350.0  
                4.0                    5.00  10.0  20.00  200.0  
                5.0                   12.00  21.0  39.50  160.0  
                6.0                    3.00   7.5  10.00   20.0  
                7.0                    4.25   5.5  16.50   40.0  
                8.0                    5.00   8.0  17.50   52.0  
Other           1.0                   12.00  18.0  24.00   30.0  
                4.0                    4.00  10.0  12.00   40.0  
                5.0                    6.00   6.0   6.00    6.0  
                6.0                    3.00   4.0   8.75   15.0  
                8.0                    8.00  10.0  20.00   30.0  