                                          count       mean        std   min  \
Race_Categories ParentGuardianEducation                                       
Asian           1.0                       479.0  15.100209  20.908507  1.00   
                2.0                       211.0  14.244076  17.376322  1.00   
Black           1.0                       305.0  10.725410  15.401861  0.25   
                2.0                       197.0  11.030457  14.216855  0.50   
Hispanic        1.0                       208.0  13.334135  15.614704  0.50   
                2.0                       411.0  13.047445  12.207287  0.50   
OTHER           1.0                       135.0  20.285185  25.483719  1.00   
                2.0                        91.0  16.142857  14.387936  1.00   
White           1.0                      1280.0  17.621875  21.521658  1.00   
                2.0                       487.0  16.982546  21.316549  1.00   

                                         25%   50%    75%    max  
Race_Categories ParentGuardianEducation                           
Asian           1.0                      5.0  10.0  19.50  160.0  
                2.0                      5.0  10.0  17.00  160.0  
Black           1.0                      3.0   5.0  10.00  150.0  
                2.0                      3.0   6.0  14.00  100.0  
Hispanic        1.0                      5.0  10.0  18.25  150.0  
                2.0                      5.0  10.0  20.00  125.0  
OTHER           1.0                      6.0  13.0  25.00  180.0  
                2.0                      7.0  12.0  20.00  100.0  
White           1.0                      5.0  11.0  20.00  400.0  
                2.0                      7.0  12.0  20.00  350.0  