                                        count       mean        std    min  \
CareerStage_NRMNCC_4 Major_Categories                                        
1.0                  Non-STEMM          795.0  26.937107  28.862031   1.00   
                     STEMM               80.0  25.862500  27.259533   2.00   
4.0                  Non-STEMM         2012.0  13.357480  14.038369   0.25   
                     STEMM               65.0  16.092308  18.572260   1.00   
5.0                  Non-STEMM           51.0  37.117647  39.339368   4.00   
                     STEMM                3.0  15.666667   4.041452  12.00   
6.0                  Non-STEMM          334.0   8.429641  12.523323   0.50   
7.0                  Non-STEMM           13.0  11.923077  10.250704   2.00   
                     STEMM                3.0  10.333333   8.386497   5.00   
8.0                  Non-STEMM          145.0  14.027586  12.784509   1.00   
                     STEMM               21.0  20.523810  14.271016   4.00   

                                        25%   50%    75%    max  
CareerStage_NRMNCC_4 Major_Categories                            
1.0                  Non-STEMM          9.0  20.0  40.00  350.0  
                     STEMM              8.0  20.0  31.25  120.0  
4.0                  Non-STEMM          5.0  10.0  20.00  200.0  
                     STEMM              6.0  10.0  20.00  100.0  
5.0                  Non-STEMM         11.0  25.0  40.00  200.0  
                     STEMM             13.5  15.0  17.50   20.0  
6.0                  Non-STEMM          3.0   5.0  10.00  180.0  
7.0                  Non-STEMM          6.0  10.0  16.00   40.0  
                     STEMM              5.5   6.0  13.00   20.0  
8.0                  Non-STEMM          6.0  10.0  16.00   90.0  
                     STEMM             10.0  15.0  30.00   52.0  