                                                              count  \
Race_Categories ParentGuardianEducation CareerStage_NRMNCC_4          
Asian           1.0                     1.0                   113.0   
                                        4.0                   245.0   
                                        6.0                   105.0   
                                        7.0                     1.0   
                                        8.0                    14.0   
                2.0                     1.0                    47.0   
                                        4.0                   146.0   
                                        6.0                     8.0   
                                        7.0                     3.0   
                                        8.0                     7.0   
Black           1.0                     1.0                    53.0   
                                        4.0                   174.0   
                                        6.0                    43.0   
                                        7.0                     1.0   
                                        8.0                    34.0   
                2.0                     1.0                    34.0   
                                        4.0                   142.0   
                                        6.0                     7.0   
                                        7.0                     1.0   
                                        8.0                    13.0   
Hispanic        1.0                     1.0                    45.0   
                                        4.0                   110.0   
                                        6.0                    28.0   
                                        8.0                    25.0   
                2.0                     1.0                    47.0   
                                        4.0                   335.0   
                                        6.0                    11.0   
                                        7.0                     1.0   
                                        8.0                    17.0   
OTHER           1.0                     1.0                    41.0   
                                        4.0                    71.0   
                                        6.0                    17.0   
                                        8.0                     6.0   
                2.0                     1.0                    22.0   
                                        4.0                    66.0   
                                        6.0                     1.0   
                                        8.0                     2.0   
White           1.0                     1.0                   442.0   
                                        4.0                   660.0   
                                        6.0                   133.0   
                                        7.0                     7.0   
                                        8.0                    38.0   
                2.0                     1.0                   175.0   
                                        4.0                   304.0   
                                        6.0                     2.0   
                                        7.0                     1.0   
                                        8.0                     5.0   

                                                                   mean  \
Race_Categories ParentGuardianEducation CareerStage_NRMNCC_4              
Asian           1.0                     1.0                   26.371681   
                                        4.0                   12.763265   
                                        6.0                    8.723810   
                                        7.0                   10.000000   
                                        8.0                   14.071429   
                2.0                     1.0                   20.414894   
                                        4.0                   12.869863   
                                        6.0                    8.125000   
                                        7.0                    8.333333   
                                        8.0                   11.000000   
Black           1.0                     1.0                   11.396226   
                                        4.0                   11.354885   
                                        6.0                    5.174419   
                                        7.0                    6.000000   
                                        8.0                   13.617647   
                2.0                     1.0                   12.000000   
                                        4.0                   11.091549   
                                        6.0                    8.428571   
                                        7.0                    4.000000   
                                        8.0                    9.769231   
Hispanic        1.0                     1.0                   19.211111   
                                        4.0                   13.031818   
                                        6.0                    6.482143   
                                        8.0                   11.760000   
                2.0                     1.0                   17.595745   
                                        4.0                   12.517910   
                                        6.0                    7.727273   
                                        7.0                   20.000000   
                                        8.0                   13.941176   
OTHER           1.0                     1.0                   30.743902   
                                        4.0                   14.845070   
                                        6.0                   21.058824   
                                        8.0                   11.000000   
                2.0                     1.0                   21.181818   
                                        4.0                   14.606061   
                                        6.0                   14.000000   
                                        8.0                   12.500000   
White           1.0                     1.0                   26.570136   
                                        4.0                   13.624242   
                                        6.0                    9.030075   
                                        7.0                   16.285714   
                                        8.0                   13.289474   
                2.0                     1.0                   24.005714   
                                        4.0                   13.133224   
                                        6.0                    6.500000   
                                        7.0                   20.000000   
                                        8.0                    8.800000   

                                                                    std  \
Race_Categories ParentGuardianEducation CareerStage_NRMNCC_4              
Asian           1.0                     1.0                   34.092886   
                                        4.0                   13.559866   
                                        6.0                   10.885325   
                                        7.0                         NaN   
                                        8.0                   10.549986   
                2.0                     1.0                   24.207958   
                                        4.0                   15.157683   
                                        6.0                    2.416461   
                                        7.0                    2.886751   
                                        8.0                    9.433981   
Black           1.0                     1.0                   11.571416   
                                        4.0                   17.931130   
                                        6.0                    4.410328   
                                        7.0                         NaN   
                                        8.0                   14.549841   
                2.0                     1.0                   13.593671   
                                        4.0                   15.154830   
                                        6.0                    5.191568   
                                        7.0                         NaN   
                                        8.0                    8.278022   
Hispanic        1.0                     1.0                   20.111758   
                                        4.0                   15.741355   
                                        6.0                    5.028589   
                                        8.0                    9.220810   
                2.0                     1.0                   21.809112   
                                        4.0                    9.511322   
                                        6.0                    6.649675   
                                        7.0                         NaN   
                                        8.0                   21.096417   
OTHER           1.0                     1.0                   25.845000   
                                        4.0                   18.925907   
                                        6.0                   41.790356   
                                        8.0                    5.899152   
                2.0                     1.0                   22.693898   
                                        4.0                   10.420215   
                                        6.0                         NaN   
                                        8.0                    3.535534   
White           1.0                     1.0                   29.894403   
                                        4.0                   12.512744   
                                        6.0                   16.315980   
                                        7.0                   12.512851   
                                        8.0                    8.314455   
                2.0                     1.0                   32.473596   
                                        4.0                    8.821638   
                                        6.0                    2.121320   
                                        7.0                         NaN   
                                        8.0                    3.962323   

                                                                min    25%  \
Race_Categories ParentGuardianEducation CareerStage_NRMNCC_4                 
Asian           1.0                     1.0                    1.00   5.00   
                                        4.0                    1.00   5.00   
                                        6.0                    1.00   4.00   
                                        7.0                   10.00  10.00   
                                        8.0                    2.00   8.50   
                2.0                     1.0                    2.00   5.00   
                                        4.0                    1.00   5.00   
                                        6.0                    4.00   7.25   
                                        7.0                    5.00   7.50   
                                        8.0                    2.00   5.00   
Black           1.0                     1.0                    1.00   4.00   
                                        4.0                    0.25   3.00   
                                        6.0                    0.50   2.00   
                                        7.0                    6.00   6.00   
                                        8.0                    1.00   5.00   
                2.0                     1.0                    1.00   5.00   
                                        4.0                    0.50   3.00   
                                        6.0                    2.00   4.00   
                                        7.0                    4.00   4.00   
                                        8.0                    2.00   4.00   
Hispanic        1.0                     1.0                    1.00   8.00   
                                        4.0                    1.00   4.25   
                                        6.0                    0.50   2.00   
                                        8.0                    1.00   6.00   
                2.0                     1.0                    1.00   5.00   
                                        4.0                    0.50   5.00   
                                        6.0                    2.00   3.00   
                                        7.0                   20.00  20.00   
                                        8.0                    1.00   4.00   
OTHER           1.0                     1.0                    1.00  10.00   
                                        4.0                    1.00   6.00   
                                        6.0                    1.00   5.00   
                                        8.0                    3.00   6.25   
                2.0                     1.0                    1.00   5.25   
                                        4.0                    1.00   8.25   
                                        6.0                   14.00  14.00   
                                        8.0                   10.00  11.25   
White           1.0                     1.0                    1.00  10.00   
                                        4.0                    1.00   5.00   
                                        6.0                    1.00   4.00   
                                        7.0                    2.00   8.00   
                                        8.0                    1.00   8.00   
                2.0                     1.0                    1.00   9.50   
                                        4.0                    1.00   6.00   
                                        6.0                    5.00   5.75   
                                        7.0                   20.00  20.00   
                                        8.0                    5.00   6.00   

                                                               50%    75%  \
Race_Categories ParentGuardianEducation CareerStage_NRMNCC_4                
Asian           1.0                     1.0                   12.0  35.00   
                                        4.0                   10.0  18.00   
                                        6.0                    6.0  10.00   
                                        7.0                   10.0  10.00   
                                        8.0                   10.0  15.00   
                2.0                     1.0                   10.0  32.50   
                                        4.0                   10.0  16.00   
                                        6.0                    9.0  10.00   
                                        7.0                   10.0  10.00   
                                        8.0                   10.0  12.50   
Black           1.0                     1.0                    8.0  12.00   
                                        4.0                    5.0  10.75   
                                        6.0                    4.0   6.50   
                                        7.0                    6.0   6.00   
                                        8.0                    8.0  12.00   
                2.0                     1.0                    5.0  12.00   
                                        4.0                    6.0  13.75   
                                        6.0                   10.0  12.00   
                                        7.0                    4.0   4.00   
                                        8.0                    5.0  15.00   
Hispanic        1.0                     1.0                   12.0  20.00   
                                        4.0                   10.0  19.75   
                                        6.0                    5.0  10.00   
                                        8.0                   10.0  10.00   
                2.0                     1.0                   12.0  20.00   
                                        4.0                   10.0  20.00   
                                        6.0                    6.0   9.00   
                                        7.0                   20.0  20.00   
                                        8.0                    6.0  15.00   
OTHER           1.0                     1.0                   20.0  40.00   
                                        4.0                   10.0  20.00   
                                        6.0                   10.0  20.00   
                                        8.0                   14.0  15.00   
                2.0                     1.0                   13.5  28.75   
                                        4.0                   11.5  20.00   
                                        6.0                   14.0  14.00   
                                        8.0                   12.5  13.75   
White           1.0                     1.0                   20.0  35.75   
                                        4.0                   10.0  20.00   
                                        6.0                    5.0  10.00   
                                        7.0                   16.0  20.00   
                                        8.0                   10.0  15.75   
                2.0                     1.0                   20.0  30.00   
                                        4.0                   10.0  20.00   
                                        6.0                    6.5   7.25   
                                        7.0                   20.0  20.00   
                                        8.0                    8.0  10.00   

                                                                max  
Race_Categories ParentGuardianEducation CareerStage_NRMNCC_4         
Asian           1.0                     1.0                   160.0  
                                        4.0                   150.0  
                                        6.0                   100.0  
                                        7.0                    10.0  
                                        8.0                    40.0  
                2.0                     1.0                   100.0  
                                        4.0                   160.0  
                                        6.0                    10.0  
                                        7.0                    10.0  
                                        8.0                    30.0  
Black           1.0                     1.0                    50.0  
                                        4.0                   150.0  
                                        6.0                    20.0  
                                        7.0                     6.0  
                                        8.0                    52.0  
                2.0                     1.0                    50.0  
                                        4.0                   100.0  
                                        6.0                    15.0  
                                        7.0                     4.0  
                                        8.0                    30.0  
Hispanic        1.0                     1.0                   100.0  
                                        4.0                   150.0  
                                        6.0                    20.0  
                                        8.0                    40.0  
                2.0                     1.0                   125.0  
                                        4.0                    40.0  
                                        6.0                    20.0  
                                        7.0                    20.0  
                                        8.0                    90.0  
OTHER           1.0                     1.0                   100.0  
                                        4.0                   150.0  
                                        6.0                   180.0  
                                        8.0                    16.0  
                2.0                     1.0                   100.0  
                                        4.0                    40.0  
                                        6.0                    14.0  
                                        8.0                    15.0  
White           1.0                     1.0                   400.0  
                                        4.0                   210.0  
                                        6.0                   180.0  
                                        7.0                    40.0  
                                        8.0                    40.0  
                2.0                     1.0                   350.0  
                                        4.0                    40.0  
                                        6.0                     8.0  
                                        7.0                    20.0  
                                        8.0                    15.0  