                                                              count  \
Gender_Category ParentGuardianEducation CareerStage_NRMNCC_4          
Female          1.0                     1.0                   357.0   
                                        4.0                   761.0   
                                        6.0                   258.0   
                                        7.0                     5.0   
                                        8.0                    75.0   
                2.0                     1.0                   171.0   
                                        4.0                   677.0   
                                        6.0                    12.0   
                                        7.0                     3.0   
                                        8.0                    30.0   
Male            1.0                     1.0                   282.0   
                                        4.0                   325.0   
                                        6.0                    18.0   
                                        7.0                     4.0   
                                        8.0                    26.0   
                2.0                     1.0                   128.0   
                                        4.0                   183.0   
                                        6.0                    10.0   
                                        7.0                     2.0   
                                        8.0                    12.0   
Other           1.0                     1.0                     2.0   
                                        4.0                    16.0   
                                        6.0                     5.0   
                                        8.0                     1.0   
                2.0                     4.0                    12.0   
                                        6.0                     1.0   

                                                                   mean  \
Gender_Category ParentGuardianEducation CareerStage_NRMNCC_4              
Female          1.0                     1.0                   23.032213   
                                        4.0                   13.056176   
                                        6.0                    8.614341   
                                        7.0                   12.400000   
                                        8.0                   12.906667   
                2.0                     1.0                   17.277778   
                                        4.0                   12.390694   
                                        6.0                    8.166667   
                                        7.0                   13.333333   
                                        8.0                   12.733333   
Male            1.0                     1.0                   27.851064   
                                        4.0                   13.261538   
                                        6.0                    7.944444   
                                        7.0                   17.000000   
                                        8.0                   13.653846   
                2.0                     1.0                   26.796875   
                                        4.0                   13.193989   
                                        6.0                    8.300000   
                                        7.0                    4.500000   
                                        8.0                    8.916667   
Other           1.0                     1.0                   18.000000   
                                        4.0                   10.062500   
                                        6.0                    5.600000   
                                        8.0                    6.000000   
                2.0                     4.0                   11.250000   
                                        6.0                   10.000000   

                                                                    std  \
Gender_Category ParentGuardianEducation CareerStage_NRMNCC_4              
Female          1.0                     1.0                   31.404165   
                                        4.0                   13.763195   
                                        6.0                   13.776831   
                                        7.0                    5.549775   
                                        8.0                   10.401628   
                2.0                     1.0                   17.208250   
                                        4.0                    9.686270   
                                        6.0                    5.201981   
                                        7.0                    5.773503   
                                        8.0                   16.355814   
Male            1.0                     1.0                   26.763246   
                                        4.0                   11.291148   
                                        6.0                    5.104464   
                                        7.0                   17.165858   
                                        8.0                   12.460954   
                2.0                     1.0                   38.759375   
                                        4.0                   15.499621   
                                        6.0                    5.657836   
                                        7.0                    0.707107   
                                        8.0                    8.564815   
Other           1.0                     1.0                   16.970563   
                                        4.0                    9.746581   
                                        6.0                    5.366563   
                                        8.0                         NaN   
                2.0                     4.0                    6.607503   
                                        6.0                         NaN   

                                                                min    25%  \
Gender_Category ParentGuardianEducation CareerStage_NRMNCC_4                 
Female          1.0                     1.0                    1.00   6.00   
                                        4.0                    0.25   5.00   
                                        6.0                    0.50   3.00   
                                        7.0                    6.00  10.00   
                                        8.0                    1.00   6.00   
                2.0                     1.0                    1.00   5.00   
                                        4.0                    1.00   5.00   
                                        6.0                    2.00   4.75   
                                        7.0                   10.00  10.00   
                                        8.0                    1.00   5.00   
Male            1.0                     1.0                    1.00  10.00   
                                        4.0                    1.00   5.00   
                                        6.0                    1.00   4.00   
                                        7.0                    2.00   5.00   
                                        8.0                    1.00   6.00   
                2.0                     1.0                    1.00   6.00   
                                        4.0                    0.50   5.00   
                                        6.0                    3.00   3.50   
                                        7.0                    4.00   4.25   
                                        8.0                    2.00   3.00   
Other           1.0                     1.0                    6.00  12.00   
                                        4.0                    1.00   4.00   
                                        6.0                    2.00   3.00   
                                        8.0                    6.00   6.00   
                2.0                     4.0                    1.00   8.75   
                                        6.0                   10.00  10.00   

                                                               50%    75%  \
Gender_Category ParentGuardianEducation CareerStage_NRMNCC_4                
Female          1.0                     1.0                   15.0  30.00   
                                        4.0                   10.0  20.00   
                                        6.0                    5.0  10.00   
                                        7.0                   10.0  16.00   
                                        8.0                   10.0  15.00   
                2.0                     1.0                   12.0  24.50   
                                        4.0                   10.0  20.00   
                                        6.0                    8.0  10.00   
                                        7.0                   10.0  15.00   
                                        8.0                   10.0  15.00   
Male            1.0                     1.0                   20.0  40.00   
                                        4.0                   10.0  19.00   
                                        6.0                    7.5  11.50   
                                        7.0                   13.0  25.00   
                                        8.0                    9.0  15.00   
                2.0                     1.0                   18.0  40.00   
                                        4.0                   10.0  16.00   
                                        6.0                    7.0  10.00   
                                        7.0                    4.5   4.75   
                                        8.0                    5.5   9.75   
Other           1.0                     1.0                   18.0  24.00   
                                        4.0                    8.5  10.00   
                                        6.0                    3.0   5.00   
                                        8.0                    6.0   6.00   
                2.0                     4.0                   10.0  16.25   
                                        6.0                   10.0  10.00   

                                                                max  
Gender_Category ParentGuardianEducation CareerStage_NRMNCC_4         
Female          1.0                     1.0                   400.0  
                                        4.0                   210.0  
                                        6.0                   180.0  
                                        7.0                    20.0  
                                        8.0                    52.0  
                2.0                     1.0                   120.0  
                                        4.0                    72.0  
                                        6.0                    20.0  
                                        7.0                    20.0  
                                        8.0                    90.0  
Male            1.0                     1.0                   200.0  
                                        4.0                   100.0  
                                        6.0                    16.0  
                                        7.0                    40.0  
                                        8.0                    52.0  
                2.0                     1.0                   350.0  
                                        4.0                   160.0  
                                        6.0                    20.0  
                                        7.0                     5.0  
                                        8.0                    30.0  
Other           1.0                     1.0                    30.0  
                                        4.0                    40.0  
                                        6.0                    15.0  
                                        8.0                     6.0  
                2.0                     4.0                    20.0  
                                        6.0                    10.0  