                                                         count       mean  \
Race_Categories Gender_Category ParentGuardianEducation                     
Asian           Female          1.0                      329.0  14.313070   
                                2.0                      135.0  11.937037   
                Male            1.0                      140.0  17.257143   
                                2.0                       72.0  18.638889   
                Other           1.0                        5.0  10.400000   
                                2.0                        4.0  13.000000   
Black           Female          1.0                      211.0  10.214455   
                                2.0                      142.0   9.228873   
                Male            1.0                       81.0  12.382716   
                                2.0                       46.0  15.380435   
                Other           1.0                        3.0  10.333333   
                                2.0                        1.0  15.000000   
Hispanic        Female          1.0                      135.0  12.007407   
                                2.0                      308.0  12.889610   
                Male            1.0                       70.0  16.335714   
                                2.0                       98.0  13.780612   
                Other           1.0                        3.0   3.000000   
                                2.0                        5.0   8.400000   
OTHER           Female          1.0                       83.0  19.060241   
                                2.0                       55.0  15.745455   
                Male            1.0                       47.0  22.648936   
                                2.0                       36.0  16.750000   
                Other           1.0                        3.0  12.333333   
White           Female          1.0                      863.0  16.060834   
                                2.0                      353.0  15.604816   
                Male            1.0                      395.0  21.532911   
                                2.0                      127.0  20.992126   
                Other           1.0                       16.0   8.875000   
                                2.0                        6.0  12.666667   

                                                               std    min  \
Race_Categories Gender_Category ParentGuardianEducation                     
Asian           Female          1.0                      21.990904   1.00   
                                2.0                      10.071652   1.00   
                Male            1.0                      18.583419   1.00   
                                2.0                      25.900843   1.00   
                Other           1.0                       7.300685   2.00   
                                2.0                       4.760952  10.00   
Black           Female          1.0                      16.199773   0.25   
                                2.0                      10.681000   1.00   
                Male            1.0                      14.029048   1.00   
                                2.0                      17.550937   0.50   
                Other           1.0                       9.504385   1.00   
                                2.0                            NaN  15.00   
Hispanic        Female          1.0                      15.078277   0.50   
                                2.0                      10.723083   1.00   
                Male            1.0                      16.507513   1.00   
                                2.0                      16.222529   0.50   
                Other           1.0                       2.645751   1.00   
                                2.0                       5.029911   2.00   
OTHER           Female          1.0                      27.912035   1.00   
                                2.0                      11.085891   1.00   
                Male            1.0                      21.894737   1.00   
                                2.0                      18.495366   1.00   
                Other           1.0                       6.806859   7.00   
White           Female          1.0                      21.009170   1.00   
                                2.0                      13.197271   1.00   
                Male            1.0                      22.536551   1.00   
                                2.0                      35.235375   1.00   
                Other           1.0                      10.701246   2.00   
                                2.0                       7.257180   1.00   

                                                           25%   50%    75%  \
Race_Categories Gender_Category ParentGuardianEducation                       
Asian           Female          1.0                       4.00   9.0  15.00   
                                2.0                       5.00  10.0  15.50   
                Male            1.0                       7.75  10.0  20.00   
                                2.0                       5.00  10.0  20.00   
                Other           1.0                       5.00  10.0  15.00   
                                2.0                      10.00  11.0  14.00   
Black           Female          1.0                       3.00   5.0  10.00   
                                2.0                       3.00   5.0  10.00   
                Male            1.0                       3.00  10.0  15.00   
                                2.0                       4.25  10.0  20.00   
                Other           1.0                       5.50  10.0  15.00   
                                2.0                      15.00  15.0  15.00   
Hispanic        Female          1.0                       4.00  10.0  16.50   
                                2.0                       5.00  10.0  20.00   
                Male            1.0                       8.00  12.5  20.00   
                                2.0                       5.00  10.0  18.25   
                Other           1.0                       1.50   2.0   4.00   
                                2.0                       5.00  10.0  10.00   
OTHER           Female          1.0                       5.00  10.0  20.00   
                                2.0                      10.00  14.0  20.00   
                Male            1.0                       9.50  15.0  30.00   
                                2.0                       5.00  11.0  20.00   
                Other           1.0                       8.50  10.0  15.00   
White           Female          1.0                       5.00  10.0  20.00   
                                2.0                       7.00  12.0  20.00   
                Male            1.0                       8.50  15.0  25.00   
                                2.0                       7.50  12.0  25.00   
                Other           1.0                       3.00   5.0  10.00   
                                2.0                      10.00  12.5  18.75   

                                                           max  
Race_Categories Gender_Category ParentGuardianEducation         
Asian           Female          1.0                      160.0  
                                2.0                       42.0  
                Male            1.0                      120.0  
                                2.0                      160.0  
                Other           1.0                       20.0  
                                2.0                       20.0  
Black           Female          1.0                      150.0  
                                2.0                       72.0  
                Male            1.0                       80.0  
                                2.0                      100.0  
                Other           1.0                       20.0  
                                2.0                       15.0  
Hispanic        Female          1.0                      150.0  
                                2.0                       90.0  
                Male            1.0                      100.0  
                                2.0                      125.0  
                Other           1.0                        6.0  
                                2.0                       15.0  
OTHER           Female          1.0                      180.0  
                                2.0                       55.0  
                Male            1.0                       93.0  
                                2.0                      100.0  
                Other           1.0                       20.0  
White           Female          1.0                      400.0  
                                2.0                      120.0  
                Male            1.0                      200.0  
                                2.0                      350.0  
                Other           1.0                       40.0  
                                2.0                       20.0  