                                       count       mean        std    min  \
Race_Categories CareerStage_NRMNCC_4                                        
Asian           1.0                    160.0  24.621875  31.554622   1.00   
                4.0                    416.0  13.920673  16.453248   1.00   
                5.0                      8.0  31.750000  32.074690   4.00   
                6.0                    118.0   8.720339  10.418496   1.00   
                7.0                      4.0   8.750000   2.500000   5.00   
                8.0                     23.0  12.521739   9.792713   2.00   
Black           1.0                     87.0  11.632184  12.327050   1.00   
                4.0                    333.0  12.137387  19.561883   0.25   
                5.0                      3.0  38.000000  27.784888  20.00   
                6.0                     57.0   5.377193   4.476407   0.50   
                7.0                      2.0   5.000000   1.414214   4.00   
                8.0                     48.0  12.604167  13.008573   1.00   
Hispanic        1.0                     93.0  18.618280  20.903167   1.00   
                4.0                    465.0  13.827957  15.800394   0.50   
                5.0                     13.0  28.461538  25.912080   4.00   
                6.0                     49.0   6.785714   5.074446   0.50   
                7.0                      1.0  20.000000        NaN  20.00   
                8.0                     43.0  12.930233  14.927436   1.00   
OTHER           1.0                     63.0  27.404762  25.029959   1.00   
                4.0                    146.0  15.164384  15.146652   1.00   
                5.0                      5.0  26.800000  16.392071   4.00   
                6.0                     21.0  20.238095  38.224213   1.00   
                8.0                      9.0  12.333333   5.656854   3.00   
White           1.0                    622.0  25.937299  30.579614   1.00   
                4.0                   1004.0  13.947709  12.758767   1.00   
                5.0                     30.0  41.966667  46.191866   5.00   
                6.0                    141.0   8.914894  15.858071   1.00   
                7.0                      8.0  16.750000  11.658841   2.00   
                8.0                     55.0  14.636364   9.935652   1.00   

                                        25%   50%   75%    max  
Race_Categories CareerStage_NRMNCC_4                            
Asian           1.0                    5.00  12.0  35.0  160.0  
                4.0                    5.00  10.0  19.0  160.0  
                5.0                    8.75  22.5  42.5  100.0  
                6.0                    4.00   6.0  10.0  100.0  
                7.0                    8.75  10.0  10.0   10.0  
                8.0                    6.00  10.0  15.0   40.0  
Black           1.0                    4.50   8.0  12.0   50.0  
                4.0                    3.00   6.0  12.0  200.0  
                5.0                   22.00  24.0  47.0   70.0  
                6.0                    2.00   4.0   8.0   20.0  
                7.0                    4.50   5.0   5.5    6.0  
                8.0                    5.00   8.0  15.0   52.0  
Hispanic        1.0                    5.00  12.0  20.0  125.0  
                4.0                    5.00  10.0  20.0  160.0  
                5.0                    8.00  12.0  42.0   80.0  
                6.0                    3.00   5.0  10.0   20.0  
                7.0                   20.00  20.0  20.0   20.0  
                8.0                    5.50   8.0  15.0   90.0  
OTHER           1.0                   10.00  20.0  40.0  100.0  
                4.0                    6.00  11.0  20.0  150.0  
                5.0                   15.00  35.0  40.0   40.0  
                6.0                    5.00  10.0  20.0  180.0  
                8.0                   10.00  15.0  15.0   20.0  
White           1.0                   10.00  20.0  35.0  400.0  
                4.0                    5.00  10.0  20.0  210.0  
                5.0                   15.00  28.5  40.0  200.0  
                6.0                    4.00   5.0  10.0  180.0  
                7.0                    9.00  18.0  20.0   40.0  
                8.0                    8.00  10.0  18.0   40.0  